24
433
53
502
2
504
148
429
384
591
205
440
577
480
19
578
111
149
381
500
287
416
407
490
403
406
199
456
55
568
131
314
388
461
60
475
139
468
280
276
558
328
412
280
422
24
462
78
134
541
113
81
559
378
479
54
177
354
536
380
574
10
488
201
198
253
92
476
268
371
47
492
54
15
166
28
464
35
43
127
255
575
160
545
362
354
369
530
339
335
541
505
584
308
128
208
137
157
475
366
7
35
565
406
346
415
215
513
330
398
40
585
528
157
118
190
546
81
539
506
530
223
67
341
473
310
574
537
386
413
392
60
298
542
294
472
487
64
285
60
105
14
587
368
335
100
37
509
360
478
439
184
474
540
8
312
471
163
132
349
298
56
541
313
128
600
252
512
435
544
220
213
292
204
100
488
302
570
272
241
407
131
90
257
381
100
141
234
36
123
85
206
399
597
124
253
97
51
35
245
419
115
263
53
481
352
366
143
260
492
153
565
384
3
336
28
518
248
67
352
257
51
255
197
433
311
588
86
74
568
53
230
142
433
510
273
27
240
387
41
376
206
395
319
270
15
338
143
552
91
112
496
466
470
410
313
480
504
174
74
423
332
464
69
227
453
78
80
307
74
38
71
6
32
115
491
495
210
533
267
49
69
515
496
534
3
335
544
256
382
331
195
140
63
109
237
486
334
282
88
281
194
172
240
124
158
263
312
195
366
242
192
510
306
224
481
442
258
352
361
64
223
85
98
547
246
246
141
469
426
458
35
597
44
361
75
87
154
173
245
190
140
42
298
481
577
402
189
201
498
142
116
480
524
116
30
484
538
177
106
549
49
28
342
77
380
308
327
16
150
354
320
280
80
3
198
489
304
368
407
399
261
0
519
279
437
551
541
166
467
266
291
252
332
40
310
505
357
331
129
357
496
473
381
527
61
566
336
211
454
390
521
101
348
182
578
338
417
530
330
243
387
257
293
15
67
361
15
339
347
97
250
445
111
298
229
399
99
151
75
294
423
429
506
484
202
335
30
537
175
246
269
563
592
498
371
72
535
100
495
111
81
61
260
478
73
272
321
561
409
526
480
492
218
174
566
51
526
131
450
308
77
312
429
354
296
202
590
104
30
333
31
526
596
395
126
562
39
534
152
201
568
167
328
200
389
438
544
66
470
561
172
365
318
203
50
448
590
550
97
75
419
443
162
364
437
201
1
91
259
173
518
526
323
176
411
418
332
564
30
84
86
172
256
440
593
154
70
430
581
515
167
190
18
224
305
158
286
476
591
154
175
175
420
522
26
141
57
93
134
380
211
90
382
49
259
210
426
440
552
441
220
530
47
501
123
83
109
256
33
518
34
60
285
530
163
433
208
199
94
214
109
321
51
369
98
516
297
396
42
403
286
337
552
4
209
424
325
316
522
56
315
498
375
27
365
549
167
199
429
12
419
489
409
532
506
64
180
129
6
459
510
206
22
332
191
534
29
189
286
581
77
556
252
343
478
201
392
506
483
65
468
576
304
577
410
84
6
106
265
414
446
448
252
204
383
414
532
139
85
591
244
410
270
206
561
287
97
541
559
297
50
435
148
520
216
302
568
329
155
385
71
112
596
144
500
193
380
18
125
346
272
591
550
385
515
10
164
488
591
454
111
188
535
257
66
251
142
542
587
493
314
266
286
437
284
12
509
124
370
567
11
318
264
66
222
570
203
513
111
234
440
115
271
28
357
37
229
62
21
383
345
570
558
501
107
95
454
403
474
370
185
588
588
564
315
257
563
136
271
97
512
364
1
127
64
471
260
477
246
82
318
596
455
548
520
255
131
447
60
228
220
403
243
187
474
313
408
460
225
109
340
257
268
62
154
340
20
491
587
285
310
571
60
478
303
98
264
217
184
278
578
485
317
177
432
60
492
456
493
268
364
477
77
368
55
80
208
382
539
316
9
398
207
363
381
486
557
532
399
53
535
547
273
377
119
310
450
308
340
478
367
161
412
65
86
582
185
475
388
460
456
162
376
139
5
316
477
426
138
281
5
415
156
585
394
300
330
530
349
28
84
420
353
568
189
33
76
351
54
283
307
267
488
73
194
405
322
317
171
253
493
422
508
328
462
107
110
570
451
402
303
273
169
162
589
180
582
184
106
501
511
597
228
71
133
438
347
584
208
96
36
178
21
545
476
525
547
572
554
512
490
180
183
518
348
366
391
11
380
170
524
298
374
302
45
510
238
506
517
347
163
588
65
214
499
315
332
131
0
177
172
141
585
10
4
168
487
504
89
377
68
160
195
261
254
240
64
199
588
157
247
534
195
319
199
87
154
544
363
321
116
462
556
451
4
249
598
271
16
515
506
533
316
11
267
86
516
314
37
150
23
103
474
79
346
380
103
400
368
172
155
400
458
395
129
289
15
63
95
48
494
171
151
400
279
479
163
392
106
372
483
283
202
496
50
159
438
591
398
534
153
405
358
179
465
74
306
558
549
30
365
318
246
251
190
51
448
252
82
410
259
109
234
378
159
63
313
373
99
327
470
293
393
80
456
77
190
19
20
597
146
420
30
39
592
152
248
205
399
62
408
11
570
2
40
154
472
443
250
596
285
238
137
249
193
283
101
233
185
313
66
563
326
148
312
300
386
193
240
229
53
301
499
116
518
375
42
125
32
485
380
416
563
183
580
219
32
94
308
258
414
24
549
283
562
166
267
172
413
87
540
369
463
139
370
315
542
52
40
223
60
163
279
114
389
212
508
555
511
526
336
53
546
254
39
369
216
484
255
107
348
529
138
139
555
74
222
100
351
408
98
79
593
268
423
501
392
152
453
222
414
406
223
148
15
98
285
22
194
519
175
484
593
99
440
464
563
583
181
1
501
46
554
592
349
247
134
138
415
315
285
96
150
540
358
525
89
479
569
401
169
203
150
18
539
65
285
297
321
246
562
558
187
515
131
557
593
591
127
503
147
81
438
318
443
539
208
401
595
566
527
163
256
106
208
298
425
346
372
222
462
246
177
333
224
315
201
570
316
258
134
240
128
140
596
29
290
312
592
503
546
565
363
380
468
439
159
554
512
396
526
2
27
517
260
185
38
37
385
505
425
29
157
574
50
238
426
340
369
234
499
62
496
456
371
598
280
176
185
342
449
325
462
241
470
471
434
371
223
364
353
537
136
381
369
30
537
20
7
534
126
62
296
146
529
179
269
482
315
389
386
101
219
580
502
254
267
21
116
346
166
572
297
161
524
21
223
44
126
45
495
75
599
477
533
41
288
286
121
22
81
490
387
548
448
138
443
289
451
73
486
441
514
42
540
178
102
519
534
90
191
421
300
74
453
264
23
232
507
454
13
439
318
194
531
269
550
492
244
11
467
272
280
515
525
23
68
465
174
253
33
95
432
201
97
531
571
360
331
282
418
396
251
586
182
445
3
575
232
137
390
463
378
546
27
421
418
42
143
302
385
32
502
352
188
483
69
297
536
189
323
398
452
434
398
392
121
304
222
493
180
207
65
445
143
84
194
2
385
17
297
210
306
137
344
24
508
553
54
285
30
342
478
144
130
320
319
384
65
458
145
541
28
490
301
433
472
322
593
567
347
529
293
429
238
52
324
440
76
195
152
20
207
11
292
157
292
157
592
80
349
225
378
296
434
3
254
433
35
105
222
152
390
317
550
39
218
148
35
430
378
43
233
557
127
305
70
511
356
372
369
134
122
341
87
208
202
343
97
475
501
459
446
403
555
170
78
352
110
420
583
19
25
63
321
282
108
322
137
494
494
105
489
82
77
7
422
378
513
302
135
475
534
395
24
102
25
267
574
492
61
266
100
335
600
580
288
469
21
201
347
369
119
340
270
560
445
104
508
418
290
356
79
322
389
537
534
416
304
437
182
306
20
538
74
467
522
99
219
132
199
389
223
233
553
188
347
442
101
174
72
283
178
47
188
11
467
17
227
527
451
158
263
198
308
183
590
96
445
242
52
75
376
224
574
314
5
481
403
577
511
415
72
220
339
356
189
578
408
356
203
400
456
599
122
268
202
309
88
478
127
518
73
438
25
72
508
321
526
173
179
303
463
223
433
491
276
339
438
31
380
112
314
231
22
481
418
391
478
383
325
346
205
42
576
412
204
439
198
478
52
524
469
262
30
476
350
165
175
517
305
2
323
586
416
242
460
47
510
127
85
328
83
162
588
220
355
382
158
492
522
32
97
151
404
580
149
404
413
367
39
581
161
258
482
329
112
223
517
280
581
461
272
202
447
308
432
572
105
213
118
279
441
112
148
390
344
286
482
302
96
102
583
403
531
362
358
81
444
419
582
569
121
580
380
248
385
27
139
150
361
183
319
207
189
324
65
360
117
237
389
170
463
24
542
508
37
94
197
548
541
589
264
589
156
554
333
599
48
192
165
336
290
212
371
581
300
102
587
368
573
114
549
345
104
309
76
418
135
103
330
136
93
9
2
440
168
295
450
72
267
115
323
518
148
84
436
488
484
154
10
194
245
301
370
88
71
109
169
528
145
376
85
84
516
347
112
262
563
