13
157
144
77
167
199
82
39
31
31
99
8
14
156
135
97
141
147
94
163
104
154
142
77
132
157
75
48
189
71
15
85
66
34
110
123
107
16
45
22
34
146
140
174
182
124
114
90
172
77
88
176
92
116
134
146
168
178
149
71
88
127
94
7
30
36
9
198
55
46
162
174
56
44
95
142
188
64
47
22
38
80
134
65
127
160
151
21
66
188
110
69
140
168
97
31
113
106
50
153
37
171
12
179
79
79
176
132
66
11
159
99
46
189
198
75
182
157
135
38
194
123
23
197
70
111
88
31
102
10
3
34
191
84
73
100
50
50
170
60
18
29
184
35
65
155
178
45
196
125
8
91
86
109
119
100
88
162
53
154
149
162
19
10
113
19
183
37
24
145
62
15
36
26
23
180
190
113
46
74
75
154
32
72
128
166
166
17
8
129
162
94
91
116
80
32
94
81
171
10
104
158
60
34
104
145
158
119
178
152
138
21
52
193
171
135
33
98
79
188
181
22
37
178
39
123
131
96
9
107
141
111
89
33
190
121
86
87
111
0
171
186
163
191
27
183
150
62
31
7
166
78
102
174
192
10
181
76
153
182
184
140
14
15
53
141
86
75
92
156
151
121
170
8
50
194
25
114
169
14
84
88
150
152
196
172
106
117
118
145
74
190
65
24
129
11
183
157
38
35
186
184
1
47
108
36
33
16
155
148
97
92
13
195
97
103
30
92
32
117
46
162
126
69
72
152
198
11
59
88
102
13
177
66
199
26
39
149
99
161
131
11
64
7
24
16
173
116
56
17
154
36
56
154
59
46
108
113
158
37
47
156
62
139
154
127
111
135
107
48
184
99
12
88
185
108
177
76
40
30
173
64
24
2
98
33
57
137
5
146
157
121
4
110
181
47
163
180
154
126
191
149
20
175
133
23
134
79
82
71
146
198
145
40
118
21
9
57
28
111
101
24
177
61
91
121
179
44
177
79
116
41
137
43
71
160
171
103
111
190
75
112
89
116
153
190
57
134
137
68
78
109
70
113
99
190
120
12
27
73
64
39
122
22
128
179
28
150
96
55
109
20
143
152
13
186
168
122
127
25
43
122
140
114
112
139
152
175
200
84
93
178
193
199
31
96
19
20
156
74
67
112
148
138
174
152
25
8
31
154
110
18
34
171
76
166
6
148
175
19
190
168
23
174
110
167
166
162
177
161
145
153
164
135
165
115
142
94
88
165
26
128
85
146
24
99
87
195
156
33
179
103
145
25
1
8
138
145
101
34
14
30
12
60
82
83
168
132
41
78
40
97
12
17
55
69
48
7
120
60
78
45
163
175
177
76
68
134
183
160
181
32
194
76
167
98
11
112
5
181
20
82
48
148
129
42
69
79
168
196
110
142
137
76
119
123
142
108
82
161
40
24
135
8
6
130
136
73
122
29
76
76
187
66
156
3
122
22
132
61
199
193
115
138
142
151
86
148
36
139
99
35
132
129
92
140
168
82
190
7
159
132
38
73
139
147
163
32
139
199
85
29
148
13
72
154
162
82
51
159
197
122
136
87
86
86
144
25
199
5
86
120
2
101
45
24
73
103
98
2
58
198
30
98
144
140
126
18
133
76
130
107
140
29
50
43
48
33
23
29
97
178
144
155
149
30
164
34
106
50
180
174
55
18
127
162
195
16
55
1
32
114
115
64
28
190
21
76
84
149
190
134
195
14
156
159
85
115
78
115
116
14
136
44
127
72
133
120
170
21
121
78
166
171
115
18
42
161
69
126
150
122
159
99
111
26
69
141
147
13
104
77
130
108
25
123
114
64
100
28
56
156
129
27
67
97
200
144
96
13
126
76
69
105
32
33
88
61
196
161
159
150
122
67
44
138
43
24
12
73
63
34
173
14
110
151
38
34
187
69
127
116
15
38
72
13
44
138
195
58
189
47
137
106
177
114
177
75
6
197
103
130
133
101
176
111
138
25
176
47
151
113
49
149
80
30
193
68
135
134
109
85
146
141
34
63
141
180
161
190
198
42
0
157
156
8
11
74
69
97
170
103
85
35
14
87
31
180
73
54
80
113
98
26
200
120
186
71
17
49
180
116
80
20
141
128
7
21
76
149
142
60
32
156
165
12
48
175
81
162
96
155
163
91
178
106
11
39
115
165
122
169
74
116
87
193
68
163
113
82
31
53
2
148
57
70
65
107
121
52
171
112
21
39
174
113
6
187
140
129
159
23
86
80
34
172
46
166
28
68
49
194
183
168
29
152
153
178
130
92
39
109
27
37
25
188
118
123
115
155
60
94
62
154
19
32
80
62
187
74
198
149
33
92
132
152
190
144
160
157
68
136
126
126
14
25
116
31
125
16
129
104
125
195
189
56
27
5
198
161
151
168
67
118
35
100
69
113
4
3
143
185
66
163
114
181
192
86
181
6
24
146
115
85
51
168
168
111
192
181
94
182
180
138
169
200
168
15
187
150
128
112
127
199
184
158
79
125
92
197
53
22
108
14
156
159
192
119
110
131
3
33
15
57
140
79
162
20
148
16
197
56
73
139
81
79
62
191
144
113
10
175
90
169
178
123
125
41
13
46
24
178
89
11
54
81
28
67
30
62
124
129
131
159
114
39
36
27
164
10
147
196
137
148
56
175
25
72
54
60
178
182
36
137
65
190
61
87
152
132
84
186
70
152
87
46
68
65
147
166
182
48
122
168
7
164
66
180
164
78
165
104
104
5
79
58
63
188
78
51
86
178
97
170
91
88
86
185
176
40
189
69
25
29
177
197
120
138
89
151
94
190
184
78
96
123
74
80
141
173
27
87
116
11
86
103
20
54
188
49
99
192
135
131
33
137
61
87
113
137
7
152
71
52
104
79
0
100
183
190
57
123
147
165
147
101
150
141
37
48
174
150
48
166
85
67
178
191
100
136
83
27
97
148
146
51
43
24
123
181
80
75
185
86
196
86
118
107
29
131
128
74
99
180
17
9
90
12
43
177
8
128
172
48
2
48
77
11
13
31
122
143
183
176
157
198
30
97
4
34
66
7
140
152
65
200
124
194
100
185
33
14
174
193
59
194
77
159
50
20
42
23
0
127
20
166
58
155
188
68
120
36
175
22
1
1
50
124
131
32
143
128
61
65
60
40
15
58
13
76
2
55
194
134
45
110
49
159
53
77
84
82
86
150
3
110
196
146
1
200
63
164
93
185
21
73
160
172
104
137
30
182
50
181
112
89
111
43
189
147
88
66
0
53
42
84
56
137
96
43
21
72
46
88
141
70
32
85
113
38
74
142
93
135
178
7
60
124
77
2
70
180
161
126
81
193
74
133
91
129
102
5
35
82
42
170
24
195
61
111
92
80
25
149
195
54
91
85
105
81
43
117
130
81
131
93
44
81
84
101
189
40
137
56
50
21
97
114
71
105
92
71
99
18
48
92
187
109
101
20
168
194
85
183
51
50
113
43
2
96
89
181
176
33
160
116
181
39
113
12
78
53
177
163
76
133
43
46
167
46
109
28
26
74
115
2
51
159
156
32
118
90
33
19
13
181
133
152
77
80
86
136
138
91
167
122
9
109
117
92
60
89
62
63
150
119
108
193
158
78
169
36
44
112
17
138
24
32
87
37
121
95
25
146
84
88
92
153
3
124
39
117
31
167
13
195
33
14
70
156
133
152
4
39
45
21
124
148
179
65
25
156
147
17
57
182
49
51
183
125
44
34
155
3
137
35
104
143
21
21
33
59
27
92
198
191
142
50
148
79
126
46
15
36
53
5
144
178
161
184
9
18
81
110
162
30
26
34
101
72
39
86
73
149
177
58
188
71
190
52
119
178
174
115
25
199
104
135
97
136
17
92
65
36
103
131
152
14
140
179
123
15
52
86
195
166
80
75
106
178
63
4
47
117
81
88
0
38
30
152
193
116
60
186
154
88
57
149
163
193
172
133
78
41
14
159
151
157
115
59
95
152
75
28
9
136
96
5
190
17
122
5
67
179
37
22
134
147
167
166
66
136
7
150
97
138
42
7
22
103
159
77
158
91
74
83
83
170
164
197
106
90
131
177
30
50
148
85
120
174
159
128
165
96
152
8
110
160
56
115
116
137
175
102
163
189
8
28
39
73
48
80
17
42
17
106
16
42
9
15
81
47
132
167
154
100
8
166
95
179
18
93
169
183
75
130
65
42
152
191
21
189
28
14
12
144
30
33
16
173
165
70
48
88
66
179
26
54
199
111
18
64
62
140
187
133
186
80
33
96
11
139
118
161
199
187
164
160
188
51
26
103
59
56
41
163
141
102
7
194
163
22
104
20
37
2
55
117
16
125
39
47
91
16
138
12
196
70
183
18
172
104
193
116
149
32
132
52
43
95
110
36
12
166
50
147
161
188
75
129
158
158
172
165
192
72
174
67
85
24
82
131
74
147
195
24
55
5
183
164
129
150
29
81
139
180
34
198
0
147
55
155
137
59
17
94
170
17
58
17
134
94
21
83
170
144
105
110
76
4
167
56
99
23
175
76
40
176
45
184
175
53
188
120
126
45
197
78
1
88
136
19
116
24
129
185
47
17
102
3
131
66
190
105
97
101
35
45
91
0
63
69
78
188
95
99
137
174
89
184
123
173
136
63
107
188
189
92
19
17
143
21
70
37
9
27
161
178
160
39
164
76
19
34
47
196
129
196
83
2
88
34
110
107
173
86
170
77
89
186
174
159
4
71
65
99
107
53
152
198
5
28
166
47
74
165
155
163
181
125
181
51
162
177
82
71
161
14
127
195
71
190
100
178
27
74
173
29
134
33
78
92
191
197
2
171
182
118
72
52
193
197
155
112
54
199
108
111
159
115
106
200
23
37
100
83
115
167
87
137
20
146
106
194
149
98
185
79
47
90
159
106
162
151
111
106
49
140
144
99
174
37
31
32
123
183
76
109
4
140
126
199
162
140
131
136
189
138
55
143
155
109
6
99
120
28
197
10
80
36
178
32
117
187
53
87
103
3
68
42
13
97
179
195
162
132
94
33
31
100
177
62
168
195
55
186
75
178
135
146
133
143
77
20
42
99
131
189
95
189
105
79
98
95
125
135
108
11
33
164
32
177
3
178
187
161
116
173
55
126
77
13
92
59
18
11
143
16
132
178
154
42
109
39
165
55
196
101
128
26
84
164
142
108
45
121
117
101
24
81
137
39
112
47
31
93
86
136
117
2
177
198
112
133
84
118
157
128
180
55
142
107
107
159
149
184
63
142
174
161
133
143
63
165
132
25
55
163
162
136
33
96
32
106
62
129
113
60
119
191
181
175
5
6
139
119
13
128
9
98
60
46
197
85
53
142
166
79
14
19
140
93
89
9
144
120
59
1
45
8
85
191
111
39
22
121
62
132
180
84
22
199
76
13
133
65
62
62
110
167
11
198
37
185
175
197
150
127
25
15
73
76
158
63
95
92
109
140
114
29
74
168
31
22
195
13
50
194
96
131
197
185
153
20
132
26
72
178
39
191
136
0
81
156
104
74
192
80
143
78
71
7
34
2
129
148
74
188
189
148
195
31
59
107
43
34
172
146
120
128
49
84
130
138
147
19
191
15
165
170
79
1
179
31
38
105
133
28
196
59
5
173
151
116
6
123
68
197
182
18
23
88
111
59
159
155
150
110
77
165
171
167
68
137
65
39
2
38
100
103
198
102
4
124
83
167
31
116
1
174
55
102
21
82
172
84
123
36
63
168
87
33
34
178
131
121
65
43
180
82
73
198
186
97
20
133
109
123
71
158
122
136
141
23
93
115
187
80
192
24
46
10
24
158
35
189
68
43
165
179
136
7
181
56
44
125
128
133
39
158
77
27
154
119
0
175
145
82
71
47
197
146
175
165
167
105
4
112
117
81
167
173
42
158
39
27
146
52
195
59
19
82
79
81
66
56
27
62
102
149
170
67
121
108
31
19
195
175
4
149
40
162
81
145
81
121
76
1
22
111
107
165
96
140
63
105
145
71
28
87
4
68
89
148
140
62
156
49
152
141
57
131
192
33
110
7
80
6
190
140
139
102
115
156
190
42
41
73
18
85
16
147
141
107
156
123
129
197
9
18
10
96
165
43
187
177
99
54
157
162
84
193
88
155
5
77
72
148
27
190
191
127
52
30
43
129
22
118
91
62
75
110
52
128
92
186
57
135
4
7
72
161
40
76
120
22
65
19
102
15
34
149
103
32
83
12
77
125
88
71
56
138
194
113
89
155
37
192
33
190
30
126
72
147
60
178
12
53
84
133
45
129
167
20
186
144
56
27
159
101
0
132
77
188
92
37
59
131
114
164
48
128
168
157
111
111
56
28
111
188
75
6
5
195
165
173
34
124
46
106
34
39
105
86
52
44
143
151
99
109
68
110
194
101
155
121
3
189
191
160
101
157
52
26
128
15
1
80
27
152
93
64
51
38
125
98
27
139
91
199
111
116
199
151
23
100
168
138
132
147
107
43
20
72
133
179
106
79
90
162
89
145
84
165
139
10
199
69
97
113
175
17
35
27
191
124
33
167
156
126
31
114
83
31
16
178
164
143
124
3
61
84
78
104
140
165
38
156
39
41
163
89
98
163
185
108
119
32
126
145
135
101
29
155
156
65
164
29
110
4
20
199
1
48
12
26
131
173
15
148
54
167
175
115
69
136
186
7
100
186
87
117
13
136
62
20
158
72
39
186
106
55
82
64
174
48
147
147
106
124
134
153
81
97
141
60
139
186
102
168
42
100
189
192
77
28
77
131
164
123
96
127
138
193
10
26
19
117
98
92
8
122
117
127
154
119
63
24
117
2
135
174
86
29
170
9
100
29
70
67
71
188
25
117
4
185
62
126
79
48
121
136
30
84
121
16
8
147
50
133
60
10
3
124
52
109
184
146
121
12
174
118
19
171
181
188
52
187
171
169
123
143
170
115
157
93
117
60
5
154
139
123
56
9
133
87
50
19
2
15
172
153
176
87
95
124
92
189
45
92
26
4
169
197
86
119
48
92
73
174
172
148
106
65
154
195
74
90
109
189
83
171
112
24
131
167
76
88
154
54
187
98
47
134
193
173
130
50
45
167
187
154
146
28
149
8
60
109
107
76
51
188
162
76
179
0
63
179
113
48
88
134
165
22
135
181
166
165
17
79
78
40
120
52
61
6
101
20
190
139
75
59
3
100
20
70
28
158
1
67
126
121
10
47
140
67
69
8
183
20
93
182
183
75
125
194
45
139
172
109
98
24
72
192
135
138
10
55
45
135
105
87
134
26
169
86
125
112
72
56
181
41
85
139
128
128
173
25
33
0
9
4
131
151
119
174
52
34
88
189
4
48
7
195
146
167
123
60
188
24
41
39
48
86
1
183
60
58
119
77
3
193
26
75
11
119
16
14
81
105
176
79
75
109
155
2
125
196
65
191
155
98
88
127
11
76
145
91
160
45
133
131
34
100
140
41
165
142
193
113
32
89
174
144
117
63
181
127
6
42
88
3
161
111
23
159
2
56
83
89
31
107
101
133
7
76
10
175
156
144
0
39
165
152
141
138
132
155
72
60
135
108
64
136
96
139
186
40
124
55
112
74
155
95
106
6
109
28
78
157
174
187
167
8
78
2
195
165
30
136
160
159
136
110
110
5
63
158
46
6
21
159
141
141
44
4
60
3
3
146
64
166
35
31
14
22
50
147
35
7
114
104
104
62
158
66
16
158
26
37
41
113
11
176
74
118
66
163
53
17
49
96
72
117
7
65
125
67
138
34
200
155
87
114
97
49
34
16
54
192
77
157
113
39
60
187
92
99
100
128
191
167
193
146
97
94
67
134
4
129
12
146
136
162
198
197
53
62
76
56
88
79
130
60
40
91
136
107
177
180
136
0
50
54
25
76
168
141
26
94
62
41
166
15
33
192
129
62
4
87
190
36
84
140
27
110
113
62
107
35
38
44
85
119
87
188
1
123
200
43
29
4
164
122
116
183
187
164
184
138
136
60
31
34
152
199
85
41
8
191
134
173
42
41
87
31
15
155
173
50
89
82
112
39
60
99
30
53
101
123
189
160
162
89
8
194
105
39
184
200
100
58
141
172
129
38
5
195
94
178
112
64
181
190
114
136
53
2
183
59
181
199
79
55
83
59
196
139
177
116
135
94
20
11
63
21
136
123
4
6
80
183
83
151
31
130
104
101
103
140
97
193
61
45
158
126
165
102
154
138
93
113
40
130
199
187
51
36
119
119
57
185
106
164
124
192
155
181
58
111
65
56
137
105
43
33
57
191
88
70
150
111
17
195
56
114
94
94
18
154
25
3
175
34
140
132
103
80
95
170
114
73
104
152
135
32
166
179
73
194
20
39
102
174
19
32
190
69
38
152
93
63
116
10
72
41
178
138
196
70
111
146
116
96
99
19
59
144
78
174
42
67
5
37
148
96
131
89
60
130
42
118
26
148
134
131
139
150
180
181
137
91
24
63
91
179
34
147
183
191
191
54
172
92
160
185
196
182
185
89
121
147
21
188
94
143
4
89
57
24
174
69
121
169
141
54
52
13
42
94
68
160
158
122
33
161
191
178
154
186
170
59
83
103
4
183
25
128
65
47
143
22
1
2
35
60
192
156
101
143
110
97
92
159
192
35
42
55
110
14
16
121
77
111
81
140
186
42
48
190
68
72
7
76
2
140
134
162
145
54
17
22
28
64
24
78
51
100
149
112
153
147
42
28
71
198
179
187
5
76
87
77
82
167
1
152
101
191
34
115
4
161
31
120
108
197
24
39
96
115
193
182
150
112
65
51
113
93
110
7
11
125
66
34
133
175
43
39
43
185
25
129
71
181
43
116
106
85
99
80
89
33
155
30
171
37
175
13
17
79
11
84
9
47
106
7
69
104
9
93
28
32
99
181
106
84
141
118
191
80
11
0
54
9
183
69
16
177
52
104
54
127
143
145
143
137
46
27
176
3
44
0
104
184
92
162
140
136
123
85
190
117
101
116
147
160
8
83
101
49
131
115
166
122
107
124
159
0
129
169
24
36
187
192
108
36
34
56
147
200
135
107
49
162
200
184
172
122
119
174
59
93
130
109
62
193
106
98
33
40
113
122
50
51
76
140
162
94
171
81
50
140
126
3
99
165
77
180
68
172
190
131
8
126
43
16
140
28
175
180
15
28
144
117
1
133
144
116
2
147
20
88
136
31
86
127
187
164
113
122
159
56
153
111
109
135
164
191
53
155
16
199
194
155
34
2
31
33
111
157
3
178
123
30
78
177
17
34
104
43
78
152
61
84
139
18
137
63
115
86
36
94
175
50
99
153
15
168
155
119
125
14
99
101
120
79
18
138
95
32
113
44
135
26
65
15
16
80
6
183
85
137
15
21
135
100
32
172
193
55
109
157
29
154
44
191
73
148
121
35
9
51
30
6
51
23
183
104
6
194
50
167
104
145
27
125
192
47
129
23
29
122
37
184
134
77
56
111
7
3
140
59
102
93
121
24
169
59
107
194
174
158
92
117
18
8
195
16
73
90
197
58
95
152
21
80
0
144
134
62
95
54
49
16
101
90
101
82
177
127
86
197
78
180
15
190
195
127
149
7
130
194
10
172
133
167
164
67
176
193
52
128
171
110
195
38
148
57
96
111
47
142
56
127
3
190
198
102
81
15
120
189
146
30
165
11
160
1
158
121
89
10
68
191
57
84
150
157
57
133
145
25
115
12
85
163
46
183
101
172
198
73
19
188
14
171
60
193
72
158
78
98
149
194
54
121
184
98
124
189
99
194
94
126
129
51
10
116
105
14
148
32
180
68
135
160
49
196
197
61
189
15
117
154
121
25
11
98
59
51
120
131
27
160
11
20
93
91
133
55
152
151
23
69
0
110
99
68
186
88
96
142
98
83
99
192
128
49
159
124
194
3
115
183
145
124
144
26
63
181
31
194
112
57
124
165
8
39
154
61
45
59
181
80
178
107
72
148
40
56
65
179
6
22
88
40
104
81
145
33
125
39
168
150
5
123
76
55
74
120
172
125
27
140
7
73
113
38
30
20
72
11
184
197
12
46
7
189
184
81
18
149
190
27
156
10
49
18
94
170
31
170
123
66
184
36
127
136
192
167
43
127
87
145
15
34
179
7
182
82
23
173
159
123
199
63
122
8
163
21
130
134
60
26
37
109
181
1
82
87
45
16
119
30
149
58
193
156
62
41
100
193
77
84
81
42
145
67
47
97
113
67
112
23
198
131
195
70
167
193
36
93
86
103
200
94
33
31
5
17
24
199
68
67
75
32
164
93
76
130
167
52
27
52
47
14
3
17
84
82
129
158
141
96
23
33
16
129
65
113
116
198
191
32
41
138
94
159
109
14
180
63
80
38
62
64
89
67
61
36
51
197
145
8
129
196
123
79
63
134
100
159
157
133
173
78
64
61
159
50
134
36
165
58
131
133
56
106
34
193
86
79
75
151
114
50
178
103
35
156
59
45
63
138
94
178
57
55
146
5
91
14
63
13
169
60
86
112
138
159
5
155
175
125
130
115
57
45
102
31
139
62
59
72
165
118
141
176
135
101
38
138
75
28
105
140
66
194
58
122
160
129
70
174
158
185
0
187
162
137
120
48
35
186
140
174
111
13
188
99
103
119
61
179
185
144
75
85
59
197
51
106
58
175
1
178
136
137
52
90
199
81
62
147
135
151
116
191
118
174
165
149
130
182
43
21
145
54
23
48
173
111
0
42
39
36
118
70
11
120
0
69
97
55
91
55
0
46
176
78
64
152
176
171
132
131
91
32
30
56
171
159
101
82
6
200
20
53
81
45
85
46
187
146
73
195
36
113
194
68
127
137
124
155
44
162
20
138
1
66
84
200
65
161
191
111
33
155
118
7
92
6
196
106
136
0
46
41
87
35
80
97
59
86
45
62
137
14
130
26
163
156
12
97
156
54
32
165
116
133
184
34
151
173
117
83
194
77
138
6
37
168
77
141
167
31
166
192
22
60
8
98
64
166
179
20
5
26
80
130
10
123
27
80
99
39
56
14
71
168
102
66
49
90
140
186
31
1
63
13
66
185
81
183
114
176
138
24
115
178
73
58
7
23
5
125
88
142
53
47
86
75
40
141
144
153
182
142
8
175
16
98
152
42
102
127
198
5
9
71
72
22
81
18
181
127
45
115
48
124
108
142
81
96
169
110
195
45
154
141
74
64
176
131
131
85
15
40
51
34
82
13
59
86
68
86
29
158
180
110
144
13
59
35
47
196
120
127
53
147
82
34
1
135
122
187
174
102
124
41
149
115
51
137
46
101
33
158
107
101
